0
3
6
10
13
16
19
22
25
28
32
35
38
41
44
47
50
53
56
59
63
66
69
71
74
77
81
84
87
90
93
96
99
102
105
109
112
115
118
121
124
127
130
133
136
139
142
145
148
151
155
158
161
163
167
170
173
176
179
182
186
189
192
195
198
201
204
207
210
214
217
219
222
225
229
232
235
238
241
244
247
250
254
257
260
263
266
269
272
275
278
281
284
287
290
294
297
300
303
305
309
312
315
318
321
324
327
330
333
336
339
342
345
348
351
355
358
361
364
367
370
373
376
379
382
386
389
391
395
398
401
404
407
410
413
416
419
422
425
428
431
434
437
440
443
446
449
452
455
458
461
464
468
471
474
477
480
483
486
489
492
495
498
502
505
508
511
514
516
519
522
526
529
532
535
538
541
544
547
550
553
556
559
562
565
568
571
574
577
580
583
586
589
592
595
598
601
604
607
610
613
616
619
623
626
629
632
635
638
641
644
647
650
653
656
659
662
665
668
672
675
678
681
684
687
689
692
695
699
702
705
708
711
714
717
720
723
726
729
732
735
738
741
744
747
750
753
756
759
762
765
768
771
775
778
781
784
787
790
793
796
799
802
805
808
811
814
817
820
823
826
829
832
835
838
842
845
848
851
853
856
859
863
866
869
872
875
878
881
884
887
890
893
896
899
902
905
908
911
914
917
920
923
926
929
933
936
939
942
945
948
951
954
957
960
963
966
969
972
975
978
981
984
988
991
994
997
1000
1003
1005
1008
1011
1014
1018
1021
1024
1027
1030
1033
1036
1039
1042
1045
1048
1051
1054
1057
1060
1063
1066
1069
1072
1075
1078
1081
1084
1087
1090
1094
1097
1100
1103
1106
1109
1112
1115
1118
1121
1124
1127
1131
1134
1137
1140
1143
1145
1148
1151
1154
1158
1161
1164
1167
1170
1173
1176
1179
1182
1185
1188
1191
1194
1198
1201
1204
1207
1210
1213
1216
1219
1222
1225
1228
1231
1234
1237
1240
1243
1246
1250
1253
1256
1258
1262
1265
1268
1271
1274
1277
1280
1283
1286
1289
1292
1295
1298
1301
1304
1307
1310
1313
1316
1319
1323
1326
1329
1332
1335
1338
1341
1344
1347
1350
1353
1357
1360
1363
1366
1368
1372
1375
1378
1381
1384
1387
1390
1393
1396
1399
1403
1406
1409
1412
1415
1418
1421
1424
1427
1430
1433
1436
1439
1442
1445
1448
1452
1455
1458
1461
1464
1466
1469
1472
1476
1479
1482
1485
1488
1491
1494
1497
1500
1503
1506
1510
1513
1516
1519
1522
1525
1528
1531
1534
1537
1540
1543
1546
1549
1552
1555
1558
1562
1565
1567
1570
1573
1577
1580
1583
1586
1589
1592
1595
1598
1601
1604
1607
1610
1613
1617
1620
1623
1626
1629
1632
1635
1638
1641
1644
1647
1650
1653
1657
1660
1662
1666
1669
1673
1677
1681
1685
1689
1693
1697
1701
1705
1709
1713
1717
1721
1725
1728
1732
1735
1739
1743
1747
1751
1755
1759
1763
1767
1771
1775
1779
1783
1787
1791
1794
1798
1801
1805
1809
1813
1817
1821
1825
1829
1833
1837
1841
1845
1849
1853
1857
1860
1864
1867
1870
1874
1877
1880
1883
1886
1889
1892
1895
1898
1901
1904
1907
1910
1913
1916
1919
1922
1925
1928
1931
1934
1937
1940
1943
1946
1949
1952
1955
1958
1961
1964
1967
1970
1973
1976
1979
1982
1985
1988
1991
1994
1997
2000
2003
2006
2009
2012
2015
2018
2021
2024
2027
2030
2033
2036
2039
2042
2045
2048
2051
2054
2057
2060
2063
2066
2069
2072
2075
2078
2081
2084
2087
2090
2093
2096
2099
2102
2105
2108
2111
2114
2117
2120
2123
2126
2129
2132
2135
2138
2141
2144
2147
2150
2153
2156
2159
2162
2165
2168
2171
2174
2177
2180
2183
2186
2189
2192
2195
2198
2201
2204
2207
2210
2213
2216
2219
2222
2225
2228
2231
2234
2237
2240
2243
2246
2249
2252
2255
2258
2261
2264
2267
2270
2273
2276
2279
2282
2285
2286
2287
2288
2289
2290
2291
2292
2293
2294
2295
2296
2297
2298
2299
2300
