0
1
2
0
1
736
0
2
3
733
2
3
4
3
4
5
4
5
6
5
6
7
6
7
8
7
8
9
8
9
10
688
9
10
11
10
11
12
11
12
13
12
13
14
13
14
15
14
15
16
15
16
17
16
17
18
17
18
19
18
19
20
643
19
20
21
20
21
22
21
22
23
24
25
23
24
737
23
25
26
730
25
26
27
26
27
28
27
28
29
28
29
30
29
30
31
30
31
32
31
32
33
32
33
34
33
34
35
685
34
35
36
35
36
37
36
37
38
37
38
39
38
39
40
39
40
41
40
41
42
41
42
43
42
43
44
43
44
45
44
45
46
45
46
47
46
47
48
47
48
49
48
49
50
640
49
50
51
50
51
52
51
52
53
54
55
727
53
54
738
53
55
56
55
56
57
56
57
58
57
58
59
58
59
60
682
59
60
61
60
61
62
61
62
63
62
63
64
63
64
65
64
65
66
65
66
67
66
67
68
67
68
69
637
68
69
70
69
70
71
72
73
71
72
739
71
73
74
724
73
74
75
74
75
76
75
76
77
76
77
78
77
78
79
78
79
80
79
80
81
80
81
82
679
81
82
83
82
83
84
83
84
85
84
85
86
85
86
87
86
87
88
87
88
89
88
89
90
89
90
91
90
91
92
91
92
93
92
93
94
93
94
95
634
94
95
96
95
96
97
96
97
98
97
98
99
100
101
721
99
100
740
99
101
102
101
102
103
102
103
104
103
104
105
104
105
106
105
106
107
106
107
108
107
108
109
108
109
110
109
110
111
110
111
112
111
112
113
112
113
114
113
114
115
676
114
115
116
115
116
117
116
117
118
117
118
119
118
119
120
119
120
121
120
121
122
121
122
123
122
123
124
123
124
125
631
124
125
126
125
126
127
128
129
718
127
128
741
127
129
130
129
130
131
130
131
132
131
132
133
132
133
134
133
134
135
134
135
136
135
136
137
136
137
138
137
138
139
138
139
140
139
140
141
140
141
142
141
142
143
142
143
144
143
144
145
144
145
146
145
146
147
146
147
148
147
148
149
148
149
150
149
150
151
150
151
152
673
151
152
153
152
153
154
153
154
155
154
155
156
155
156
157
156
157
158
157
158
159
158
159
160
159
160
161
160
161
162
161
162
163
628
162
163
164
163
164
165
164
165
166
165
166
167
166
167
168
169
170
168
169
742
168
170
171
715
170
171
172
171
172
173
172
173
174
173
174
175
174
175
176
175
176
177
176
177
178
177
178
179
178
179
180
179
180
181
180
181
182
181
182
183
182
183
184
183
184
185
184
185
186
185
186
187
186
187
188
187
188
189
188
189
190
189
190
191
190
191
192
191
192
193
192
193
194
193
194
195
194
195
196
195
196
197
196
197
198
197
198
199
198
199
200
199
200
201
200
201
202
201
202
203
670
202
203
204
203
204
205
204
205
206
205
206
207
206
207
208
207
208
209
208
209
210
209
210
211
210
211
212
211
212
213
212
213
214
213
214
215
214
215
216
215
216
217
216
217
218
217
218
219
625
218
219
220
219
220
221
220
221
222
221
222
223
222
223
224
223
224
225
226
227
225
226
743
225
227
228
712
227
228
229
228
229
230
229
230
231
230
231
232
231
232
233
232
233
234
233
234
235
234
235
236
235
236
237
236
237
238
237
238
239
238
239
240
239
240
241
240
241
242
241
242
243
242
243
244
243
244
245
244
245
246
245
246
247
246
247
248
247
248
249
248
249
250
249
250
251
250
251
252
251
252
253
667
252
253
254
253
254
255
254
255
256
255
256
257
256
257
258
257
258
259
258
259
260
259
260
261
260
261
262
261
262
263
262
263
264
263
264
265
264
265
266
265
266
267
266
267
268
267
268
269
268
269
270
269
270
271
270
271
272
271
272
273
272
273
274
273
274
275
622
274
275
276
275
276
277
276
277
278
277
278
279
280
281
279
280
744
279
281
282
709
281
282
283
282
283
284
283
284
285
284
285
286
285
286
287
286
287
288
287
288
289
288
289
290
289
290
291
290
291
292
291
292
293
292
293
294
293
294
295
294
295
296
295
296
297
296
297
298
297
298
299
298
299
300
299
300
301
300
301
302
301
302
303
302
303
304
303
304
305
664
304
305
306
305
306
307
306
307
308
307
308
309
308
309
310
309
310
311
310
311
312
311
312
313
312
313
314
313
314
315
314
315
316
315
316
317
316
317
318
317
318
319
318
319
320
319
320
321
320
321
322
321
322
323
619
322
323
324
323
324
325
324
325
326
325
326
327
326
327
328
327
328
329
330
331
329
330
745
329
331
332
331
332
333
706
332
333
334
333
334
335
334
335
336
335
336
337
336
337
338
337
338
339
338
339
340
339
340
341
340
341
342
341
342
343
342
343
344
343
344
345
344
345
346
345
346
347
346
347
348
347
348
349
348
349
350
349
350
351
350
351
352
351
352
353
352
353
354
353
354
355
354
355
356
355
356
357
356
357
358
661
357
358
359
358
359
360
359
360
361
360
361
362
361
362
363
362
363
364
363
364
365
364
365
366
365
366
367
366
367
368
367
368
369
368
369
370
616
369
370
371
370
371
372
371
372
373
372
373
374
373
374
375
376
377
375
376
746
375
377
378
377
378
379
703
378
379
380
379
380
381
380
381
382
381
382
383
382
383
384
383
384
385
384
385
386
385
386
387
386
387
388
387
388
389
388
389
390
389
390
391
390
391
392
658
391
392
393
392
393
394
393
394
395
394
395
396
395
396
397
396
397
398
397
398
399
398
399
400
399
400
401
400
401
402
401
402
403
402
403
404
403
404
405
404
405
406
405
406
407
406
407
408
407
408
409
613
408
409
410
409
410
411
410
411
412
413
414
700
412
413
747
412
414
415
414
415
416
415
416
417
416
417
418
417
418
419
418
419
420
419
420
421
420
421
422
421
422
423
422
423
424
423
424
425
424
425
426
425
426
427
426
427
428
427
428
429
428
429
430
429
430
431
430
431
432
431
432
433
655
432
433
434
433
434
435
434
435
436
435
436
437
436
437
438
437
438
439
438
439
440
439
440
441
440
441
442
441
442
443
442
443
444
610
443
444
445
444
445
446
445
446
447
446
447
448
449
450
697
448
449
748
448
450
451
450
451
452
451
452
453
452
453
454
453
454
455
454
455
456
455
456
457
456
457
458
457
458
459
652
458
459
460
459
460
461
460
461
462
461
462
463
462
463
464
463
464
465
464
465
466
465
466
467
466
467
468
467
468
469
468
469
470
469
470
471
470
471
472
471
472
473
472
473
474
473
474
475
607
474
475
476
475
476
477
476
477
478
477
478
479
478
479
480
481
482
480
481
749
480
482
483
694
482
483
484
483
484
485
484
485
486
485
486
487
486
487
488
487
488
489
488
489
490
489
490
491
490
491
492
491
492
493
492
493
494
649
493
494
495
494
495
496
495
496
497
496
497
498
497
498
499
498
499
500
499
500
501
500
501
502
501
502
503
502
503
504
503
504
505
504
505
506
505
506
507
506
507
508
507
508
509
508
509
510
509
510
511
604
510
511
512
511
512
513
514
515
513
514
750
513
515
516
691
515
516
517
516
517
518
517
518
519
518
519
520
519
520
521
520
521
522
521
522
523
522
523
524
523
524
525
524
525
526
525
526
527
526
527
528
527
528
529
646
528
529
530
529
530
531
530
531
532
531
532
533
532
533
534
533
534
535
534
535
536
535
536
537
536
537
538
537
538
539
538
539
540
539
540
541
540
541
542
601
541
542
543
542
543
544
545
546
732
544
545
735
544
546
547
729
546
547
548
726
547
548
549
596
548
549
550
723
549
550
551
720
550
551
552
717
551
552
553
714
552
553
554
711
553
554
555
708
554
555
556
705
555
556
557
599
556
557
558
702
557
558
559
699
558
559
560
696
559
560
693
561
562
563
687
561
562
690
561
563
564
684
563
564
565
681
564
565
566
595
565
566
567
678
566
567
568
675
567
568
569
672
568
569
570
669
569
570
571
666
570
571
572
663
571
572
573
660
572
573
574
598
573
574
575
657
574
575
576
654
575
576
577
651
576
577
648
578
579
580
642
578
579
645
578
580
581
639
580
581
582
636
581
582
583
597
582
583
584
633
583
584
585
630
584
585
586
627
585
586
587
624
586
587
588
621
587
588
589
618
588
589
590
615
589
590
591
600
590
591
592
612
591
592
593
609
592
593
594
606
593
594
603
565
595
596
597
548
595
596
582
595
597
573
598
599
600
556
598
599
590
598
600
541
601
602
601
602
603
594
602
603
510
604
605
604
605
606
593
605
606
474
607
608
607
608
609
592
608
609
443
610
611
610
611
612
591
611
612
408
613
614
613
614
615
589
614
615
369
616
617
616
617
618
588
617
618
322
619
620
619
620
621
587
620
621
274
622
623
622
623
624
586
623
624
218
625
626
625
626
627
585
626
627
162
628
629
628
629
630
584
629
630
124
631
632
631
632
633
583
632
633
94
634
635
634
635
636
581
635
636
68
637
638
637
638
639
580
638
639
49
640
641
640
641
642
578
641
642
19
643
644
643
644
645
579
644
645
528
646
647
646
647
648
577
647
648
493
649
650
649
650
651
576
650
651
458
652
653
652
653
654
575
653
654
432
655
656
655
656
657
574
656
657
391
658
659
658
659
660
572
659
660
357
661
662
661
662
663
571
662
663
304
664
665
664
665
666
570
665
666
252
667
668
667
668
669
569
668
669
202
670
671
670
671
672
568
671
672
151
673
674
673
674
675
567
674
675
114
676
677
676
677
678
566
677
678
81
679
680
679
680
681
564
680
681
59
682
683
682
683
684
563
683
684
34
685
686
685
686
687
561
686
687
9
688
689
688
689
690
562
689
690
515
691
692
691
692
693
560
692
693
482
694
695
694
695
696
559
695
696
448
697
698
697
698
699
558
698
699
412
700
701
700
701
702
557
701
702
378
703
704
703
704
705
555
704
705
332
706
707
706
707
708
554
707
708
281
709
710
709
710
711
553
710
711
227
712
713
712
713
714
552
713
714
170
715
716
715
716
717
551
716
717
127
718
719
718
719
720
550
719
720
99
721
722
721
722
723
549
722
723
73
724
725
724
725
726
547
725
726
53
727
728
727
728
729
546
728
729
25
730
731
730
731
732
544
731
732
2
733
734
733
734
735
545
734
735
1
24
54
72
100
128
169
226
280
330
376
413
449
481
514
