1.862919
-1.111469
-0.751450
-1.111469
1.111469
1.000000
-0.751450
3.479281
-0.909650
-1.818182
-0.909650
1.093515
-0.183865
-0.183865
0.576669
-0.392803
-0.392803
1.627328
-1.234524
-1.234524
2.962859
-1.728334
-1.728334
3.456668
-1.728334
-1.728334
2.745001
-1.016667
-1.016667
1002.834849
-1000.000000
-1.818182
-1000.000000
1001.571213
-1.571213
-1.571213
2.051306
-0.480093
-0.480093
0.778082
-0.297989
-0.297989
0.730072
-0.432084
-0.432084
1.666608
-1.234524
-1.234524
2.469049
-1.234524
-1.234524
2.674803
-1.440279
-1.440279
3.168613
-1.728334
-1.728334
3.057822
-1.329488
-1.329488
20.431012
-17.283342
-1.818182
-17.283342
18.517867
-1.234524
-1.234524
2.469049
-1.234524
-1.234524
1.234524
1.818679
-0.802011
-1.016667
-0.802011
0.802011
1.000000
-1.016667
8.595964
-5.761115
-1.818182
-5.761115
6.841324
-1.080209
-1.080209
1.603947
-0.523738
-0.523738
1.163861
-0.640124
-0.640124
1.425730
-0.785606
-0.785606
1.745792
-0.960186
-0.960186
1.577448
-0.617262
-0.617262
2.777680
-2.160418
-2.160418
2.486519
-0.326101
-0.326101
1002.144283
-1000.000000
-1.818182
-1000.000000
1003.456668
-3.456668
-3.456668
3.965002
-0.508334
-0.508334
4.829170
-4.320836
-4.320836
4.666503
-0.345667
-0.345667
2.506085
-2.160418
-2.160418
5.040975
-2.880557
-2.880557
4.115081
-1.234524
-1.234524
2.469049
-1.234524
-1.234524
9.876193
-8.641668
-8.641668
9.876193
-1.234524
-1.234524
2.469049
-1.234524
-1.234524
2.962859
-1.728334
-1.728334
3.456668
-1.728334
-1.728334
2.479784
-0.751450
-0.751450
8.330747
-5.761115
-1.818182
-5.761115
7.201394
-1.440279
-1.440279
2.225885
-0.785606
-0.785606
0.785606
3.226704
-0.448336
-0.960186
-1.818182
-0.448336
0.448336
1.000000
-0.960186
2.531399
-1.571213
-1.571213
1.735816
-0.164603
-0.164603
1.494091
-1.329488
-1.329488
1.612821
-0.283333
-0.283333
1002.101515
-1000.000000
-1.818182
-1000.000000
1017.283342
-17.283342
-17.283342
17.530247
-0.246905
-0.246905
8.888573
-8.641668
-8.641668
9.150002
-0.508334
-0.508334
1.948612
-1.440279
-1.440279
2.160418
-0.720139
-0.720139
1.277667
-0.557527
-0.557527
1.065861
-0.508334
-0.508334
4.795565
-2.469049
-1.818182
-2.469049
4.629467
-2.160418
-2.160418
2.160418
1.862919
-1.111469
-0.751450
-1.111469
1.111469
1.000000
-0.751450
1002.569632
-1000.000000
-1.818182
-1000.000000
1000.960186
-0.960186
-0.960186
1.335911
-0.375725
-0.375725
1.161331
-0.785606
-0.785606
1.279416
-0.493810
-0.493810
3.950478
-3.456668
-3.456668
5.185003
-1.728334
-1.728334
1.968381
-0.240046
-0.240046
1002.058228
-1000.000000
-1.818182
-1000.000000
2000.000000
-1000.000000
-1000.000000
1000.493810
-0.493810
-0.493810
1.934088
-1.440279
-1.440279
1.816003
-0.375725
-0.375725
1.610249
-1.234524
-1.234524
2.020131
-0.785606
-0.785606
2.225885
-1.440279
-1.440279
2.880557
-1.440279
-1.440279
3.168613
-1.728334
-1.728334
10.370002
-8.641668
-8.641668
10.370002
-1.728334
-1.728334
2.252072
-0.523738
-0.523738
1002.341919
-1000.000000
-1.818182
-1000.000000
1001.152223
-1.152223
-1.152223
3.312641
-2.160418
-2.160418
3.394942
-1.234524
-1.234524
1.234524
6.587354
-0.448336
-4.320836
-1.818182
-0.448336
0.448336
1.000000
-4.320836
5.473059
-1.152223
-1.152223
1.632316
-0.480093
-0.480093
1.714617
-1.234524
-1.234524
1.899268
-0.664744
-0.664744
1.487760
-0.823016
-0.823016
2.394229
-1.571213
-1.571213
3.731631
-2.160418
-2.160418
10.802086
-8.641668
-8.641668
10.562039
-1.920371
-1.920371
3.000580
-1.080209
-1.080209
1.720333
-0.640124
-0.640124
2.368458
-1.728334
-1.728334
3.648706
-1.920371
-1.920371
1003.738553
-1000.000000
-1.818182
-1000.000000
1001.080209
-1.080209
-1.080209
2.232432
-1.152223
-1.152223
1.632316
-0.480093
-0.480093
2.400464
-1.920371
-1.920371
2.229003
-0.308631
-0.308631
17.591973
-17.283342
-17.283342
17.763435
-0.480093
-0.480093
2.640511
-2.160418
-2.160418
2.717945
-0.557527
-0.557527
1002.375709
-1000.000000
-1.818182
-1000.000000
1001.571213
-1.571213
-1.571213
1.571213
8.027633
-0.448336
-5.761115
-1.818182
-0.448336
0.448336
1.000000
-5.761115
6.401239
-0.640124
-0.640124
1.133934
-0.493810
-0.493810
3.374367
-2.880557
-2.880557
20.163899
-17.283342
-17.283342
19.203713
-1.920371
-1.920371
1001.920371
-1000.000000
-1000.000000
1001.571213
-1.571213
-1.571213
10.212881
-8.641668
-8.641668
10.212881
-1.571213
-1.571213
10.212881
-8.641668
-8.641668
10.802086
-2.160418
-2.160418
1002.160418
-1000.000000
-1000.000000
1002.880557
-2.880557
-2.880557
11.522225
-8.641668
-8.641668
10.802086
-2.160418
-2.160418
10.802086
-8.641668
-8.641668
10.802086
-2.160418
-2.160418
19.443760
-17.283342
-17.283342
19.443760
-2.160418
-2.160418
3.600697
-1.440279
-1.440279
2.769767
-1.329488
-1.329488
1.853226
-0.523738
-0.523738
1002.341919
-1000.000000
-1.818182
-1000.000000
1000.640124
-0.640124
-0.640124
2.800542
-2.160418
-2.160418
3.600697
-1.440279
-1.440279
3.168613
-1.728334
-1.728334
2.637984
-0.909650
-0.909650
2.061873
-1.152223
-1.152223
1.632316
-0.480093
-0.480093
1.496760
-1.016667
-1.016667
3.177085
-2.160418
-2.160418
2.469049
-0.308631
-0.308631
1002.126813
-1000.000000
-1.818182
-1000.000000
2000.000000
-1000.000000
-1000.000000
1000.751450
-0.751450
-0.751450
1.985974
-1.234524
-1.234524
1001.234524
-1000.000000
-1000.000000
1000.000000
1.807822
-0.984805
-0.823016
-0.984805
0.984805
1.000000
-0.823016
1002.641198
-1000.000000
-1.818182
-1000.000000
2000.000000
-1000.000000
-1000.000000
1001.440279
-1.440279
-1.440279
2.880557
-1.440279
-1.440279
2.880557
-1.440279
-1.440279
18.723621
-17.283342
-17.283342
19.443760
-2.160418
-2.160418
7.921533
-5.761115
-5.761115
8.230165
-2.469049
-2.469049
5.925718
-3.456668
-3.456668
5.185003
-1.728334
-1.728334
19.011676
-17.283342
-17.283342
19.011676
-1.728334
-1.728334
1001.728334
-1000.000000
-1000.000000
1001.571213
-1.571213
-1.571213
3.491585
-1.920371
-1.920371
3.840743
-1.920371
-1.920371
1001.920371
-1000.000000
-1000.000000
1001.920371
-1.920371
-1.920371
2.937039
-1.016667
-1.016667
18.300009
-17.283342
-17.283342
18.612830
-1.329488
-1.329488
2.769767
-1.440279
-1.440279
1001.440279
-1000.000000
-1000.000000
1001.920371
-1.920371
-1.920371
10.562039
-8.641668
-8.641668
12.962504
-4.320836
-4.320836
7.201393
-2.880557
-2.880557
1002.880557
-1000.000000
-1000.000000
1001.920371
-1.920371
-1.920371
10.562039
-8.641668
-8.641668
9.876193
-1.234524
-1.234524
1003.052706
-1000.000000
-1.818182
-1000.000000
1001.440279
-1.440279
-1.440279
18.723621
-17.283342
-17.283342
18.854555
-1.571213
-1.571213
3.011492
-1.440279
-1.440279
10.081947
-8.641668
-8.641668
10.370002
-1.728334
-1.728334
5.185003
-3.456668
-3.456668
4.032780
-0.576112
-0.576112
1.905599
-1.329488
-1.329488
2.080938
-0.751450
-0.751450
1.711636
-0.960186
-0.960186
2.194710
-1.234524
-1.234524
5.555360
-4.320836
-4.320836
4.775661
-0.454825
-0.454825
1.607048
-1.152223
-1.152223
1002.970405
-1000.000000
-1.818182
-1000.000000
1001.920371
-1.920371
-1.920371
3.154896
-1.234524
-1.234524
1001.234524
-1000.000000
-1000.000000
1001.234524
-1.234524
-1.234524
1001.234524
-1000.000000
-1000.000000
1000.000000
1.818679
-0.802011
-1.016667
-0.802011
0.802011
1.000000
-1.016667
1002.834849
-1000.000000
-1.818182
-1000.000000
1001.152223
-1.152223
-1.152223
3.072594
-1.920371
-1.920371
3.249859
-1.329488
-1.329488
2.769767
-1.440279
-1.440279
3.600697
-2.160418
-2.160418
6.481254
-4.320836
-4.320836
5.230486
-0.909650
-0.909650
2.830021
-1.920371
-1.920371
5.377040
-3.456668
-3.456668
5.027882
-1.571213
-1.571213
3.491585
-1.920371
-1.920371
1001.920371
-1000.000000
-1000.000000
1002.160418
-2.160418
-2.160418
3.888752
-1.728334
-1.728334
3.456668
-1.728334
-1.728334
5.185003
-3.456668
-3.456668
9.217784
-5.761115
-5.761115
8.641672
-2.880557
-2.880557
6.337225
-3.456668
-3.456668
6.913337
-3.456668
-3.456668
5.925718
-2.469049
-2.469049
4.197383
-1.728334
-1.728334
3.299547
-1.571213
-1.571213
2.805738
-1.234524
-1.234524
1003.052706
-1000.000000
-1.818182
-1000.000000
2000.000000
-1000.000000
-1000.000000
1002.160418
-2.160418
-2.160418
3.489906
-1.329488
-1.329488
3.057822
-1.728334
-1.728334
1001.728334
-1000.000000
-1000.000000
1001.571213
-1.571213
-1.571213
18.854555
-17.283342
-17.283342
18.363551
-1.080209
-1.080209
2.232432
-1.152223
-1.152223
2.386747
-1.234524
-1.234524
4.691193
-3.456668
-3.456668
5.185003
-1.728334
-1.728334
6.049170
-4.320836
-4.320836
5.143852
-0.823016
-0.823016
3.703573
-2.880557
-2.880557
3.744724
-0.864167
-0.864167
3.744724
-2.880557
-2.880557
6.337225
-3.456668
-3.456668
4.536877
-1.080209
-1.080209
2.314733
-1.234524
-1.234524
2.564012
-1.329488
-1.329488
1003.147670
-1000.000000
-1.818182
-1000.000000
1000.751450
-0.751450
-0.751450
9.393118
-8.641668
-8.641668
10.081947
-1.440279
-1.440279
1.440279
1.807822
-0.984805
-0.823016
-0.984805
0.984805
1.000000
-0.823016
5.521755
-2.880557
-1.818182
-2.880557
4.451770
-1.571213
-1.571213
2.094951
-0.523738
-0.523738
2.094951
-1.571213
-1.571213
5.027882
-3.456668
-3.456668
5.027882
-1.571213
-1.571213
2.587880
-1.016667
-1.016667
9.658335
-8.641668
-8.641668
12.098336
-3.456668
-3.456668
5.925718
-2.469049
-2.469049
11.110717
-8.641668
-8.641668
11.110717
-2.469049
-2.469049
11.110717
-8.641668
-8.641668
12.098336
-3.456668
-3.456668
5.925718
-2.469049
-2.469049
11.110717
-8.641668
-8.641668
12.098336
-3.456668
-3.456668
12.098336
-8.641668
-8.641668
11.522225
-2.880557
-2.880557
8.641672
-5.761115
-5.761115
8.230165
-2.469049
-2.469049
3.621272
-1.152223
-1.152223
1.619340
-0.467117
-0.467117
1002.285299
-1000.000000
-1.818182
-1000.000000
2000.000000
-1000.000000
-1000.000000
1000.785606
-0.785606
-0.785606
6.546722
-5.761115
-5.761115
7.681487
-1.920371
-1.920371
5.377040
-3.456668
-3.456668
5.925718
-2.469049
-2.469049
3.065027
-0.595977
-0.595977
1.460144
-0.864167
-0.864167
1.357977
-0.493810
-0.493810
2.414181
-1.920371
-1.920371
6.241207
-4.320836
-4.320836
5.555360
-1.234524
-1.234524
1001.234524
-1000.000000
-1000.000000
1001.329488
-1.329488
-1.329488
7.090603
-5.761115
-5.761115
6.995640
-1.234524
-1.234524
2.057541
-0.823016
-0.823016
1002.641198
-1000.000000
-1.818182
-1000.000000
2000.000000
-1000.000000
-1000.000000
1001.920371
-1.920371
-1.920371
3.154896
-1.234524
-1.234524
3.394942
-2.160418
-2.160418
5.040975
-2.880557
-2.880557
2.880557
1001.111469
-1.111469
-1000.000000
-1.111469
1.111469
1.000000
-1000.000000
1000.751450
-0.751450
-0.751450
3.586299
-1.016667
-1.818182
-1.016667
4.473336
-3.456668
-3.456668
4.032780
-0.576112
-0.576112
3.045161
-2.469049
-2.469049
11.110717
-8.641668
-8.641668
12.962504
-4.320836
-4.320836
8.641672
-4.320836
-4.320836
6.481254
-2.160418
-2.160418
1002.160418
-1000.000000
-1000.000000
1001.016667
-1.016667
-1.016667
18.300009
-17.283342
-17.283342
19.011676
-1.728334
-1.728334
4.608891
-2.880557
-2.880557
5.761114
-2.880557
-2.880557
5.040975
-2.160418
-2.160418
10.802086
-8.641668
-8.641668
10.562039
-1.920371
-1.920371
4.080789
-2.160418
-2.160418
10.802086
-8.641668
-8.641668
10.562039
-1.920371
-1.920371
7.681487
-5.761115
-5.761115
8.230165
-2.469049
-2.469049
8.230165
-5.761115
-5.761115
8.230165
-2.469049
-2.469049
2.992787
-0.523738
-0.523738
1002.341919
-1000.000000
-1.818182
-1000.000000
1005.761115
-5.761115
-5.761115
6.337227
-0.576112
-0.576112
9.217780
-8.641668
-8.641668
10.562039
-1.920371
-1.920371
3.491585
-1.571213
-1.571213
2.723436
-1.152223
-1.152223
2.061873
-0.909650
-0.909650
2.830021
-1.920371
-1.920371
2.387489
-0.467117
-0.467117
0.899201
-0.432084
-0.432084
0.955821
-0.523738
-0.523738
1002.341919
-1000.000000
-1.818182
-1000.000000
2000.000000
-1000.000000
-1000.000000
1000.557527
-0.557527
-0.557527
3.438084
-2.880557
-2.880557
7.201393
-4.320836
-4.320836
4.320836
2.345993
-1.111469
-1.234524
-1.111469
1.111469
1.000000
-1.234524
3.154896
-1.920371
-1.920371
1003.738553
-1000.000000
-1.818182
-1000.000000
1000.467117
-0.467117
-0.467117
1.252724
-0.785606
-0.785606
1.425730
-0.640124
-0.640124
2.560495
-1.920371
-1.920371
2.585115
-0.664744
-0.664744
9.306412
-8.641668
-8.641668
9.601854
-0.960186
-0.960186
2.400465
-1.440279
-1.440279
3.168613
-1.728334
-1.728334
2.513941
-0.785606
-0.785606
1.865815
-1.080209
-1.080209
3.549258
-2.469049
-2.469049
1004.287231
-1000.000000
-1.818182
-1000.000000
1002.469049
-2.469049
-2.469049
3.909328
-1.440279
-1.440279
3.011492
-1.571213
-1.571213
5.027882
-3.456668
-3.456668
6.337225
-2.880557
-2.880557
3.388890
-0.508334
-0.508334
17.791676
-17.283342
-17.283342
18.854555
-1.571213
-1.571213
3.011492
-1.440279
-1.440279
2.880557
-1.440279
-1.440279
2.225885
-0.785606
-0.785606
2.020131
-1.234524
-1.234524
1.954664
-0.720139
-0.720139
2.160418
-1.440279
-1.440279
10.081947
-8.641668
-8.641668
9.393118
-0.751450
-0.751450
11.211300
-8.641668
-1.818182
-8.641668
10.562039
-1.920371
-1.920371
2.585115
-0.664744
-0.664744
0.664744
1002.266518
-0.448336
-1000.000000
-1.818182
-0.448336
0.448336
1.000000
-1000.000000
2000.000000
-1000.000000
-1000.000000
1002.469049
-2.469049
-2.469049
4.389421
-1.920371
-1.920371
3.360650
-1.440279
-1.440279
4.320835
-2.880557
-2.880557
5.040975
-2.160418
-2.160418
6.481254
-4.320836
-4.320836
5.761115
-1.440279
-1.440279
2.880557
-1.440279
-1.440279
3.360650
-1.920371
-1.920371
7.681487
-5.761115
-5.761115
11.522231
-5.761115
-5.761115
8.230165
-2.469049
-2.469049
3.189189
-0.720139
-0.720139
1.543156
-0.823016
-0.823016
2.551350
-1.728334
-1.728334
3.168613
-1.440279
-1.440279
1.793000
-0.352721
-0.352721
1002.170903
-1000.000000
-1.818182
-1000.000000
1002.469049
-2.469049
-2.469049
3.220499
-0.751450
-0.751450
1.218567
-0.467117
-0.467117
3.347674
-2.880557
-2.880557
3.476534
-0.595977
-0.595977
2.036256
-1.440279
-1.440279
18.723621
-17.283342
-17.283342
17.791676
-0.508334
-0.508334
9.150002
-8.641668
-8.641668
8.944885
-0.303217
-0.303217
19.404740
-17.283342
-1.818182
-17.283342
1017.283342
-1000.000000
-1000.000000
1000.480093
-0.480093
-0.480093
1000.480093
-1000.000000
-1000.000000
1000.000000
1002.266518
-0.448336
-1000.000000
-1.818182
-0.448336
0.448336
1.000000
-1000.000000
1000.493810
-0.493810
-0.493810
1.213949
-0.720139
-0.720139
1.800348
-1.080209
-1.080209
2.808543
-1.728334
-1.728334
2.236668
-0.508334
-0.508334
1.742858
-1.234524
-1.234524
1.899268
-0.664744
-0.664744
1.017465
-0.352721
-0.352721
1002.170903
-1000.000000
-1.818182
-1000.000000
2000.000000
-1000.000000
-1000.000000
1000.557527
-0.557527
-0.557527
2.285862
-1.728334
-1.728334
2.393078
-0.664744
-0.664744
2.585115
-1.920371
-1.920371
3.360650
-1.440279
-1.440279
2.769767
-1.329488
-1.329488
9.971156
-8.641668
-8.641668
9.971156
-1.329488
-1.329488
2.289674
-0.960186
-0.960186
9.601854
-8.641668
-8.641668
10.081947
-1.440279
-1.440279
18.723621
-17.283342
-17.283342
18.612830
-1.329488
-1.329488
1.705213
-0.375725
-0.375725
1002.193907
-1000.000000
-1.818182
-1000.000000
1017.283342
-17.283342
-17.283342
17.791676
-0.508334
-0.508334
9.150002
-8.641668
-8.641668
12.962504
-4.320836
-4.320836
4.320836
2.136517
-1.496393
-0.640124
-1.496393
1.496393
1.000000
-0.640124
8.219421
-5.761115
-1.818182
-5.761115
8.641672
-2.880557
-2.880557
3.150609
-0.270052
-0.270052
2.430470
-2.160418
-2.160418
10.802086
-8.641668
-8.641668
9.121761
-0.480093
-0.480093
6.241208
-5.761115
-5.761115
6.546722
-0.785606
-0.785606
1.802274
-1.016667
-1.016667
9.658335
-8.641668
-8.641668
9.025742
-0.384074
-0.384074
1002.202256
-1000.000000
-1.818182
-1000.000000
1001.329488
-1.329488
-1.329488
2.564012
-1.234524
-1.234524
2.020131
-0.785606
-0.785606
1.745792
-0.960186
-0.960186
2.688520
-1.728334
-1.728334
3.888752
-2.160418
-2.160418
10.802086
-8.641668
-8.641668
9.721877
-1.080209
-1.080209
2.160418
-1.080209
-1.080209
2.040395
-0.960186
-0.960186
9.601854
-8.641668
-8.641668
10.370002
-1.728334
-1.728334
4.608891
-2.880557
-2.880557
4.608891
-1.728334
-1.728334
3.168613
-1.440279
-1.440279
1.997806
-0.557527
-0.557527
1002.375709
-1000.000000
-1.818182
-1000.000000
1001.152223
-1.152223
-1.152223
1.152223
1.807822
-0.984805
-0.823016
-0.984805
0.984805
1.000000
-0.823016
1002.641198
-1000.000000
-1.818182
-1000.000000
1002.880557
-2.880557
-2.880557
6.337225
-3.456668
-3.456668
12.098336
-8.641668
-8.641668
11.110717
-2.469049
-2.469049
5.349606
-2.880557
-2.880557
3.520681
-0.640124
-0.640124
1.133934
-0.493810
-0.493810
1.185144
-0.691334
-0.691334
1.084137
-0.392803
-0.392803
17.676145
-17.283342
-17.283342
18.147509
-0.864167
-0.864167
1.440278
-0.576112
-0.576112
4.863343
-2.469049
-1.818182
-2.469049
6.789885
-4.320836
-4.320836
5.555360
-1.234524
-1.234524
2.314733
-1.080209
-1.080209
1.800348
-0.720139
-0.720139
1.277667
-0.557527
-0.557527
1.197651
-0.640124
-0.640124
1.120217
-0.480093
-0.480093
9.121761
-8.641668
-8.641668
9.876193
-1.234524
-1.234524
2.962859
-1.728334
-1.728334
6.049170
-4.320836
-4.320836
5.230486
-0.909650
-0.909650
1002.727832
-1000.000000
-1.818182
-1000.000000
1001.152223
-1.152223
-1.152223
1.152223
7.940580
-2.152108
-2.152108
-3.636364
-2.152108
5.788472
-3.636364
-2.152108
7.940580
-2.152108
-3.636364
-2.152108
10.022127
-4.233655
-3.636364
-4.233655
15.062437
-4.377168
-6.451613
-4.377168
10.165640
-2.152108
-3.636364
-2.152108
7.940580
-2.152108
-3.636364
-2.152108
7.940580
-2.152108
-3.636364
-2.152108
7.940580
-2.152108
-3.636364
-2.152108
7.940580
-2.152108
-3.636364
-2.152108
7.940580
-2.152108
-3.636364
-2.152108
8.976779
-3.188308
-3.636364
-3.188308
16.261793
-6.621872
-6.451613
-6.621872
12.410344
-2.152108
-3.636364
-2.152108
7.940580
-2.152108
-3.636364
-2.152108
7.940580
-2.152108
-3.636364
-2.152108
5.788472
-3.636364
7.940580
-2.152108
-2.152108
-3.636364
-2.152108
5.788472
-3.636364
-2.152108
7.940580
-2.152108
-3.636364
-2.152108
10.022127
-4.233655
-3.636364
-4.233655
15.062437
-4.377168
-6.451613
-4.377168
10.165640
-2.152108
-3.636364
-2.152108
7.940580
-2.152108
-3.636364
-2.152108
7.940580
-2.152108
-3.636364
-2.152108
7.940580
-2.152108
-3.636364
-2.152108
7.940580
-2.152108
-3.636364
-2.152108
7.940580
-2.152108
-3.636364
-2.152108
8.976779
-3.188308
-3.636364
-3.188308
16.261793
-6.621872
-6.451613
-6.621872
12.410344
-2.152108
-3.636364
-2.152108
7.940580
-2.152108
-3.636364
-2.152108
7.940580
-2.152108
-3.636364
-2.152108
5.788472
-3.636364
7.940580
-2.152108
-2.152108
-3.636364
-2.152108
5.788472
-3.636364
-2.152108
7.940580
-2.152108
-3.636364
-2.152108
10.022127
-4.233655
-3.636364
-4.233655
15.062437
-4.377168
-6.451613
-4.377168
10.165640
-2.152108
-3.636364
-2.152108
7.940580
-2.152108
-3.636364
-2.152108
7.940580
-2.152108
-3.636364
-2.152108
7.940580
-2.152108
-3.636364
-2.152108
7.940580
-2.152108
-3.636364
-2.152108
7.940580
-2.152108
-3.636364
-2.152108
8.976779
-3.188308
-3.636364
-3.188308
16.261793
-6.621872
-6.451613
-6.621872
12.410344
-2.152108
-3.636364
-2.152108
7.940580
-2.152108
-3.636364
-2.152108
7.940580
-2.152108
-3.636364
-2.152108
5.788472
-3.636364
-6.451613
12.510963
-3.029675
-3.029675
-6.451613
-3.029675
9.481288
-6.451613
-3.029675
9.481288
-6.451613
12.510963
-3.029675
-3.029675
-6.451613
-3.029675
9.481288
-6.451613
-3.029675
9.481288
-1.818182
3.636364
-1.818182
-1.818182
3.636364
-1.818182
-3.636364
-1.818182
5.454545
-1.818182
3.636364
-1.818182
-1.818182
3.636364
-1.818182
-3.636364
-1.818182
5.454545
-1.818182
3.636364
-1.818182
-1.818182
3.636364
-1.818182
-3.636364
-1.818182
5.454545
-1.818182
3.636364
-1.818182
-1.818182
3.636364
-1.818182
-3.636364
-1.818182
5.454545
-1.818182
3.636364
-1.818182
-1.818182
3.636364
-1.818182
-3.636364
-1.818182
5.454545
-1.818182
3.636364
-1.818182
-1.818182
3.636364
-1.818182
-3.636364
-1.818182
5.454545
-1.818182
3.636364
-1.818182
-1.818182
3.636364
-1.818182
-3.636364
-1.818182
5.454545
-1.818182
3.636364
-1.818182
-1.818182
3.636364
-1.818182
-3.636364
-1.818182
5.454545
-1.818182
3.636364
-1.818182
-1.818182
3.636364
-1.818182
-3.636364
-1.818182
5.454545
-1.818182
3.636364
-1.818182
-1.818182
3.636364
-1.818182
-3.636364
-1.818182
5.454545
-1.818182
3.636364
-1.818182
-1.818182
3.636364
-1.818182
-3.636364
-1.818182
5.454545
-1.818182
3.636364
-1.818182
-1.818182
3.636364
-1.818182
-3.636364
-1.818182
5.454545
-1.818182
3.636364
-1.818182
-1.818182
3.636364
-1.818182
-3.636364
-1.818182
5.454545
-1.818182
3.636364
-1.818182
-1.818182
3.636364
-1.818182
-3.636364
-1.818182
5.454545
-1.818182
3.636364
-1.818182
-1.818182
3.636364
-1.818182
-3.636364
-1.818182
5.454545
-1.818182
3.636364
-1.818182
-1.818182
3.636364
-1.818182
-3.636364
-1.818182
5.454545
-1.818182
3.636364
-1.818182
-1.818182
3.636364
-1.818182
-3.636364
-1.818182
5.454545
-1.818182
3.636364
-1.818182
-1.818182
3.636364
-1.818182
-3.636364
-1.818182
5.454545
-1.818182
3.636364
-1.818182
-1.818182
3.636364
-1.818182
-3.636364
-1.818182
5.454545
-1.818182
3.636364
-1.818182
-1.818182
3.636364
-1.818182
-3.636364
-1.818182
5.454545
-1.818182
3.636364
-1.818182
-1.818182
3.636364
-1.818182
-3.636364
-1.818182
5.454545
-1.818182
3.636364
-1.818182
-1.818182
3.636364
-1.818182
-3.636364
-1.818182
5.454545
-1.818182
3.636364
-1.818182
-1.818182
3.636364
-1.818182
-3.636364
-1.818182
5.454545
-1.818182
3.636364
-1.818182
-1.818182
3.636364
-1.818182
-3.636364
-1.818182
5.454545
-1.818182
3.636364
-1.818182
-1.818182
3.636364
-1.818182
-3.636364
-1.818182
5.454545
-1.818182
3.636364
-1.818182
-1.818182
3.636364
-1.818182
-3.636364
-1.818182
5.454545
-1.818182
3.636364
-1.818182
-1.818182
3.636364
-1.818182
-3.636364
-1.818182
5.454545
-1.818182
3.636364
-1.818182
-1.818182
3.636364
-1.818182
-3.636364
-1.818182
5.454545
-1.818182
3.636364
-1.818182
-1.818182
3.636364
-1.818182
-3.636364
-1.818182
5.454545
-1.818182
3.636364
-1.818182
-1.818182
3.636364
-1.818182
-3.636364
-1.818182
5.454545
-1.818182
3.636364
-1.818182
-1.818182
3.636364
-1.818182
-3.636364
-1.818182
5.454545
-1.818182
3.636364
-1.818182
-1.818182
3.636364
-1.818182
-3.636364
-1.818182
5.454545
-1.818182
3.636364
-1.818182
-1.818182
3.636364
-1.818182
-3.636364
-1.818182
5.454545
-1.818182
3.636364
-1.818182
-1.818182
3.636364
-1.818182
-3.636364
-1.818182
5.454545
-1.818182
3.636364
-1.818182
-1.818182
3.636364
-1.818182
-3.636364
-1.818182
5.454545
-1.818182
3.636364
-1.818182
-1.818182
3.636364
-1.818182
-3.636364
-1.818182
5.454545
-1.818182
3.636364
-1.818182
-1.818182
3.636364
-1.818182
-3.636364
-1.818182
5.454545
-1.818182
3.636364
-1.818182
-1.818182
3.636364
-1.818182
-3.636364
-1.818182
5.454545
-1.818182
3.636364
-1.818182
-1.818182
3.636364
-1.818182
-3.636364
-1.818182
5.454545
-1.818182
3.636364
-1.818182
-1.818182
3.636364
-1.818182
-3.636364
-1.818182
5.454545
-1.818182
3.636364
-1.818182
-1.818182
3.636364
-1.818182
-3.636364
-1.818182
5.454545
-1.818182
3.636364
-1.818182
-1.818182
3.636364
-1.818182
-3.636364
-1.818182
5.454545
-1.818182
3.636364
-1.818182
-1.818182
3.636364
-1.818182
-3.636364
-1.818182
5.454545
-1.818182
3.636364
-1.818182
-1.818182
3.636364
-1.818182
-3.636364
-1.818182
5.454545
-1.818182
3.636364
-1.818182
-1.818182
3.636364
-1.818182
-3.636364
-1.818182
5.454545
1.000000
1.000000
1.000000
1.000000
1.000000
1.000000
1.000000
1.000000
1.000000
1.000000
1.000000
1.000000
1.000000
1.000000
1.000000
